"ID","pain","sex","age","STAI_trait","pain_cat","cortisol_serum","cortisol_saliva","mindfulness","weight"
"ID_1",8,"female",41,39,33,4.97421510147981,5.14956473529348,1.82213578988865,78.4438923115068
"ID_2",4,"male",46,40,32,3.63467675678195,3.26939826576244,4.32267585240379,68.2603249128622
"ID_3",4,"female",37,33,19,5.0756537773748,5.3209354982733,3.61427174572441,87.5957799145482
"ID_4",6,"male",33,41,30,6.09739791723344,6.36742279647669,3.60938323229047,77.58736522665
"ID_5",5,"male",50,41,27,4.36247349069111,4.17862700855539,2.16005980522861,63.4383636139894
"ID_6",5,"male",36,35,35,5.12197130155091,4.23294681234596,3.56495715771403,82.502148763173
"ID_7",3,"female",40,35,26,3.58204343356408,4.46109096149688,4.81587884873089,60.4746828344357
"ID_8",4,"male",44,32,28,3.00857300062018,2.599829643393,3.13775272685153,90.8153228724303
"ID_9",5,"female",46,48,30,5.0585174924283,5.01033021964487,2.27304057147142,62.9086578983692
"ID_10",4,"male",44,40,25,4.6620859310581,4.79336808924989,3.5806368019723,70.5035428807666
"ID_11",6,"male",43,36,24,5.57713613613773,5.41860572804064,2.77606127201987,58.3120176015763
"ID_12",3,"male",41,43,33,4.83009155990789,4.77036340955009,4.61867873712494,68.0559481105651
"ID_13",4,"female",38,35,28,4.88474303208816,5.16196659831153,3.84226727030765,70.8332474884053
"ID_14",4,"female",44,43,30,5.78356624986889,5.44759270374806,2.48245473220971,66.048316733909
"ID_15",6,"male",35,38,25,4.86630285042882,5.3163579147432,4.01856533869327,72.6158569256963
"ID_16",3,"female",44,42,26,6.43730498397391,6.43226845792196,2.30729318573529,65.0933542240291
"ID_17",4,"female",45,49,34,6.37349827444798,6.20742948457375,1.62018421619517,71.6088345073699
"ID_18",4,"male",44,33,26,2.93826093298093,2.89448485232333,3.94308123265397,69.8875422487584
"ID_19",6,"female",36,38,27,4.69109728842336,5.28018386665779,4.19507527125902,71.2547355574673
"ID_20",3,"female",32,35,31,4.08228345956631,3.4885684252716,4.31861019179565,58.7099735120082
"ID_21",5,"male",37,37,32,4.88662628256317,4.43915176559233,3.61101893267082,59.8373076721449
"ID_22",7,"female",35,39,30,5.1940415849394,5.76063695542724,2.93749967877671,62.7058903408097
"ID_23",4,"male",42,41,28,3.9843216975316,4.05421388158056,3.14210384498393,71.7359810032017
"ID_24",3,"male",50,41,25,3.44160361994007,3.89259479113802,3.68209340838351,85.6902291860953
"ID_25",5,"man",41,41,27,5.43294459351636,5.59123995085482,2.41967250050667,64.8587980604326
"ID_26",7,"female",42,43,27,5.40491234820791,5.67026932062377,4.27563848467418,88.9436646725989
"ID_27",4,"female",36,38,29,4.21409114164424,4.22004102764135,5.1011042808659,69.374552788808
"ID_28",5,"male",35,41,35,5.97390673585611,5.66016859451163,3.70400862916935,85.5788818529089
"ID_29",1,"female",51,34,19,3.32897304230877,2.76063725876061,4.61095338471308,72.6945435497749
"ID_30",5,"male",41,38,28,4.49127541090327,5.13705531182577,2.16760102061542,63.6555657050005
"ID_31",3,"female",40,40,22,3.94867057026218,4.69592380588419,3.18196153119754,71.9411954415203
"ID_32",3,"female",35,35,26,3.98551928346862,4.19623388116934,3.06864437959271,61.7409457450286
"ID_33",7,"female",37,42,38,6.14949335207436,5.68922726521416,1.32662948962924,97.1570862874975
"ID_34",4,"male",54,40,34,3.99901511772381,3.76402161831148,1.36573944892793,58.9386367970678
"ID_35",4,"male",51,44,25,5.15727229260068,5.04709007314106,3.66589812856697,68.1662114584581
"ID_36",6,"male",44,43,34,5.80641610561871,5.55437485552551,2.36153907934362,73.7109346392555
"ID_37",4,"male",43,34,25,4.13233940666081,3.95214119857509,3.85987436541507,78.5542485832065
"ID_38",5,"female",39,45,31,4.79027562857352,4.73815356729528,3.02633089909158,73.7238502983918
"ID_39",6,"female",47,46,37,6.13396762482845,5.46896119714623,1.86459517523793,68.8476355393702
"ID_40",2,"male",37,42,34,3.40869865322422,3.17700732056134,2.38314451104439,71.3723537575657
"ID_41",6,"male",36,29,31,3.79166521147924,3.38611471689105,3.72663731875663,71.8431668468433
"ID_42",5,"female",35,36,31,5.48570651430956,5.09113606048938,3.31297146189933,82.3881630622141
"ID_43",3,"male",39,31,20,4.61419733603022,4.93748318665524,4.02700012939244,49.037763335545
"ID_44",6,"female",42,36,34,4.17385200126522,4.7989006760159,2.5096726378815,81.313003575451
"ID_45",6,"male",41,44,34,6.70779610272589,6.1130633806162,1.44095934411609,68.4281636053744
"ID_46",3,"male",28,37,27,5.83830386850326,6.24572836261933,3.10768955181348,61.5015014052556
"ID_47",5,"male",37,35,27,5.08624663205314,5.21016228189145,4.67067066765145,68.0738793483288
"ID_48",4,"female",52,50,28,5.18653168417576,5.07949961430081,2.12848791511863,80.8039983517293
"ID_49",6,"male",41,41,32,5.30993718379479,5.43604019481227,1.53286806567168,63.3173078766225
"ID_50",6,"male",38,35,23,5.8089530474905,5.78189221623655,4.46886763567794,73.9957621650275
"ID_51",4,"male",41,35,22,2.65856173681529,3.60275364893292,3.58650013172277,77.3868881885575
"ID_52",5,"female",40,42,29,4.98049939609714,4.69100219502052,2.55056197983614,91.7441283205639
"ID_53",4,"female",44,37,28,3.92113444689025,3.76033392332787,3.57238558835788,79.8485651202091
"ID_54",8,"male",29,44,33,6.76845590079884,7.05169966369403,2.57795619842635,72.562464689414
"ID_55",5,"male",41,40,35,4.40851512822825,4.31569470895729,2.21647974279433,71.7743532655926
"ID_56",7,"female",42,42,29,6.31006018560986,6.4023930730572,3.2353901342897,76.9462487403793
"ID_57",6,"female",39,47,30,4.83394652147894,5.66164574048318,2.33310573101215,92.2403515993485
"ID_58",3,"female",43,43,33,4.65164554847501,4.32428862302464,2.87165744893932,71.7218832309573
"ID_59",6,"female",52,50,29,6.53262315275306,6.44612656019885,2.22621231766334,62.4978527854984
"ID_60",4,"female",39,35,27,4.86553651139151,4.75908671601517,4.41031004622782,66.3745350940072
"ID_61",3,"female",38,38,19,4.1138658085681,4.40620780649467,3.74465124912569,69.1662394360024
"ID_62",6,"male",34,50,35,5.71242161837828,6.09375249549427,2.70932036697418,78.0558729844864
"ID_63",3,"male",47,35,20,2.70213411853533,3.29428032713867,3.71406648664563,76.0130156614088
"ID_64",6,"male",45,38,27,5.09376796674927,5.01381282300853,2.93813548668367,53.6800166428644
"ID_65",5,"female",45,35,32,4.72181027352679,4.30810106866772,2.35153626794515,60.2087173569551
"ID_66",5,"male",42,45,26,4.35104744678202,5.04955253251342,3.62541870255507,71.9570475939931
"ID_67",6,"male",37,36,24,4.55394378477448,4.9597088852015,4.06501425496039,68.2256189343312
"ID_68",6,"female",40,44,32,5.53982552000862,5.55110786446981,1,77.3383380642396
"ID_69",4,"female",44,41,25,3.8805187789844,4.18987312447809,3.59841150031533,58.7493236563116
"ID_70",7,"male",46,38,21,3.55511935461243,4.44020230654884,1.62279897211792,65.7097732828236
"ID_71",9,"female",40,37,30,6.04137045685659,6.37005627566626,1.29148447174897,73.7801483374171
"ID_72",5,"male",39,32,22,4.95232135609821,4.77489088883754,3.32712355164425,73.0476761767115
"ID_73",5,"female",44,42,28,5.96175242140639,6.02669302858754,1.93343880524847,63.249844051706
"ID_74",3,"male",45,29,24,4.92032216590375,4.9513174125436,4.22972980795462,77.7427061545348
"ID_75",6,"female",44,43,31,5.83442695991184,5.52934198538351,2.17677729893319,71.021915659444
"ID_76",4,"male",41,44,37,4.04220407471409,3.9193034716247,3.29967750288041,63.263087369408
"ID_77",6,"male",40,37,26,5.53021240138048,5.83145341004592,3.83113708445407,78.0591217137589
"ID_78",6,"male",41,40,29,4.33951781476516,4.4631264795199,2.05468865718325,70.7680249924003
"ID_79",6,"male",33,36,31,4.8318958258203,5.37353046951845,4.39538481793538,64.9085183447012
"ID_80",5,"male",37,38,32,5.61947605412712,5.58617611574184,3.74811994754199,68.0616439289623
"ID_81",6,"female",39,42,34,5.22701005069656,5.00234364307438,3.56871999730278,81.6225480311877
"ID_82",4,"female",44,42,32,5.95929542534563,5.7858740393288,2.79774509978178,61.2272224368005
"ID_83",4,"male",45,45,36,4.21091506347812,4.24385897898996,1.8479991727349,64.5122111607685
"ID_84",9,"male",36,48,36,6.4468303066204,6.5942727209337,2.49801407033385,70.8109900855987
"ID_85",4,"male",36,34,20,4.76933896591748,4.8000917148442,3.14172123003865,61.1939545914606
"ID_86",5,"male",42,42,30,4.60751742706312,4.16040307192177,1.20936582668056,80.7227854751588
"ID_87",8,"female",40,34,29,5.58948593407338,4.97416486801525,3.16608647657461,68.2495700408127
"ID_88",4,"female",51,48,31,5.14021721939772,4.76492530865969,2.06846974230978,83.2725860644965
"ID_89",6,"male",38,42,36,4.78943618000185,4.52162963970336,2.11813514382137,86.1533657555903
"ID_90",8,"male",35,47,37,7.97778701010624,7.44569198819186,2.80934236904,76.0259925215679
"ID_91",5,"male",45,37,25,4.42246896668438,4.09470431283853,4.07177107371248,65.9669683039015
"ID_92",5,"female",43,43,33,4.82999319873621,4.41895945912493,1.10001391686462,72.4001970243683
"ID_93",8,"female",37,45,35,6.66301246014665,6.34257618255372,2.7635710439186,64.6650478350828
"ID_94",4,"male",41,42,35,4.57030355714293,3.91995743192371,3.07469318805561,78.6788067295545
"ID_95",5,"female",43,48,26,6.64348744603053,7.12847044558798,2.00820002460833,76.5439761038261
"ID_96",5,"male",36,46,36,5.44219400502057,4.99683469598019,2.80305363971291,68.5111520238716
"ID_97",4,"female",40,40,26,5.07243461842762,5.01559044126694,2.9793126639035,69.5331990707522
"ID_98",5,"female",38,35,30,3.17529804470002,3.37393749660363,1.67012248864786,71.4353444915034
"ID_99",5,"male",39,36,26,4.34600927565938,4.73878131590995,3.05068459686814,61.6062767557771
"ID_100",8,"female",37,48,39,5.86646221104569,5.9830162863573,2.60788284828494,52.7913038594814
"ID_101",6,"male",46,32,26,3.91003208319067,3.51029607350443,3.80159103915174,84.4398439971492
"ID_102",7,"male",36,40,34,6.87296774083318,7.49373108515518,2.60704007365086,72.3406348418564
"ID_103",6,"male",31,37,36,4.80207206868698,5.15490675560155,4.78906385041217,56.2757528420454
"ID_104",9,"female",29,47,41,5.98739909209581,6.18801809639854,2.05841122972912,78.0439921199738
"ID_105",6,"female",37,35,31,4.16664661909324,4.29469318937847,2.78940455563168,59.8227757644174
"ID_106",6,"male",34,40,34,6.81201086921802,6.42701001244642,3.74772099890616,90.9761716059471
"ID_107",5,"male",37,30,28,5.21226982487116,5.15986594825729,3.86327858600862,58.3318543585776
"ID_108",2,"male",42,38,29,3.60589057328747,2.93859691777416,3.33328899735581,70.4796104198186
"ID_109",3,"male",41,39,27,3.95898918046749,4.28564015596883,4.76712816656618,72.7858560474895
"ID_110",5,"female",46,40,30,5.37069498359135,5.53330287704939,2.6056266758199,63.5219029583062
"ID_111",10,"male",39,48,40,6.86872134378399,6.62191182795631,1,58.0768701070361
"ID_112",4,"male",46,44,23,5.8277782052195,5.82909365185569,2.1203683287105,80.5597881673505
"ID_113",3,"male",50,40,28,3.42063590104806,3.36732377489785,3.34831437791619,74.6885237033096
"ID_114",6,"female",39,44,33,6.16899620543178,6.13940873475875,2.48660038283075,83.6718758993182
"ID_115",6,"female",34,42,34,5.45531916786671,5.47221636538459,2.02826111546473,60.1824438267333
"ID_116",3,"male",37,36,24,3.87263027664323,3.70835720543623,3.31826928806635,77.4459281857037
"ID_117",5,"male",41,33,30,4.02053339221069,4.39262243834986,5.07025467500979,88.7684471190194
"ID_118",6,"male",45,43,28,3.87165248171373,4.31366427947747,3.54474577165878,68.5438084052821
"ID_119",7,"female",38,42,26,4.67848805599518,4.63884484042071,3.29899640464581,59.7187868800962
"ID_120",7,"male",47,36,38,4.71599045445843,3.97006229957731,2.82059234935212,85.9890809455599
"ID_121",5,"female",39,37,31,5.52730779835446,5.34660572942106,3.20790118268352,60.8455154941448
"ID_122",3,"female",44,46,30,4.55116052968373,4.66983487244849,3.27984324762627,82.4543836814748
"ID_123",5,"male",42,40,27,3.8363185020945,4.53186656893065,3.09817175663721,61.9179933719436
"ID_124",3,"female",39,44,29,6.42513711727206,6.13633992734467,3.95679171222012,69.1861049397285
"ID_125",5,"male",44,42,33,4.60943420354546,4.19865397826302,2.58882924784088,78.4561852806692
"ID_126",6,"female",37,47,36,5.70368831410355,5.94737287515606,1.97469508071637,77.9050296131895
"ID_127",5,"male",39,39,39,4.6399331829362,5.05470874285025,2.25575696182117,60.1008617000525
"ID_128",5,"male",40,37,32,5.56943743107243,5.47705791137341,3.96249320742095,61.2511128881645
"ID_129",3,"female",43,42,23,5.12773373745182,4.78310866110242,3.42408730219322,77.766920705948
"ID_130",3,"female",39,44,31,4.27347114100846,3.93985261471526,3.22258428632412,82.9123171422715
"ID_131",3,"male",43,34,26,3.90000989992949,3.44575233904545,4.86096251984307,53.6449818347943
"ID_132",8,"female",38,52,32,6.01157893338795,6.14195348053781,1.14036817128971,63.2630953026162
"ID_133",4,"male",42,39,26,4.42840340204275,3.84763073595137,4.85470061044082,71.2244637216387
"ID_134",6,"male",33,39,31,5.21290828660495,5.68651913748635,1.8475608791185,71.7198497479842
"ID_135",5,"male",41,40,30,5.83710250069463,5.55446189779585,1.93962692774495,44.4781374156038
"ID_136",6,"male",41,45,30,5.63656165275934,5.79026665764616,2.00296933764371,63.89323213756
"ID_137",5,"female",30,39,31,4.50805131113982,5.25613770773463,2.60606648261416,67.7165968305959
"ID_138",6,"male",45,34,36,5.47099019448545,4.71822493334401,4.56264205501089,60.2062027597323
"ID_139",6,"female",45,43,30,4.13897456212333,3.65501019357586,3.25197995577899,67.1287890641846
"ID_140",5,"male",45,32,27,4.82405827519037,4.39269373164339,3.98823248289181,58.3059475735897
"ID_141",6,"female",32,35,33,4.24070386610404,4.74860643736847,3.31975159828458,73.2608691624905
"ID_142",7,"male",37,40,34,6.50004803653586,6.67736875669992,1.88216564966225,65.0779993742127
"ID_143",4,"female",40,48,29,5.35581255936406,5.82531240952988,3.36142896079681,47.9000924859269
"ID_144",6,"female",40,39,29,5.11000413872622,4.98814525065778,2.99735979789093,76.4770223644468
"ID_145",5,"female",43,41,18,4.47631085872313,4.91397169951864,4.13797602372241,71.8017593369953
"ID_146",5,"female",35,30,20,3.26742435944259,3.96470776093565,3.94055874233095,87.7876198661892
"ID_147",4,"female",44,29,21,3.89488968429277,3.84816257642594,4.42268463512375,86.240555179686
"ID_148",4,"male",36,35,32,3.90638738515479,3.87056282981682,3.64179968850167,64.7036904368578
"ID_149",7,"male",43,48,40,6.96626082617529,6.44816900981124,3.4709682169812,57.4634547761544
"ID_150",6,"female",42,39,30,3.71418279466172,3.81870240887137,1,68.1487915882411
"ID_151",6,"female",32,40,29,4.20269297538862,5.01361583668372,2.8630967851074,63.0882168668022
"ID_152",4,"male",49,50,36,3.02329490583429,3.43617016662986,4.25108313092164,66.3787259988885
"ID_153",6,"female",38,46,37,5.39462620358869,5.14459880628338,1.77536001637268,62.5735714019529
"ID_154",5,"female",41,39,21,4.74482190519225,5.15678303588034,3.44406111340336,76.3900799300631
"ID_155",60,"male",38,41,32,5.03837710788608,5.71887077804264,2.58363361701688,60.1180324815657
"ID_156",7,"female",46,38,33,6.73889185861854,5.93732642223253,3.63224627405425,51.2685954008322
"ID_157",3,"male",45,43,34,4.34465741833112,3.94412823635023,1.62253805990041,79.1582238343128
"ID_158",5,"female",48,43,31,3.0834160912606,3.03825103838731,2.26852325190456,77.4884182585047
"ID_159",9,"male",27,39,32,5.47545109717595,5.14413672690696,3.03622807145998,70.2982333570163
"ID_160",6,"female",44,33,28,6.63200701660923,6.22462788620812,4.39791620643941,63.642719846426
